    13,




    23,




    13,




    13,




    13,




    13,




    13,




    13,




    13,




    25,




    1,




    13,




    13,




    3,




    13,




    13,




    13,




    23,




    3,




    13,




    13,




    13,




    13,




    13,




    13,




    21,




    13,




    5,




    2,




    18,




    19,




    13,




    100,




    100,




    66,




    50,




    100,




    208,




    208,




    9,




    29,




    35,




    29,




    39,




    33,




    29,




    39,




    29,




    29,




    39,




    39,




    29,




    9,




    19,




    33,




    39,




    9,




    19,




    39,




    39,




    19,




    39,




    39,




    25,




    29,




    39,




    29,




    69,




    80,




    79,




    30,




    79,




    79,




    38,




    140,




    238,




    38,




    138,




    240,



